timesteps : 3651


index_set_dependencies :
"Air temperature" : {"Reaches"}
"Actual precipitation" : {"Reaches"}

inputs :

"Air temperature" {"R1"}:
-0.680000
2.450000
0.100000
-0.050000
 1.800000
1.430000
-0.780000
-1.800000
-5.450000
-2.200000
-3.030000
-7.730000
-10.200000
-10.000000
-10.300000
-9.500000
-6.830000
-6.700000
-2.750000
-2.480000
-4.050000
-1.530000
0.250000
4.850000
3.430000
-1.130000
-1.950000
-2.650000
-3.730000
-4.630000
-6.400000
-7.330000
-8.530000
 -4.450000
0.600000
 1.530000
3.900000
7.800000
6.550000
1.180000
-2.130000
2.300000
5.530000
-0.600000
2.400000
3.200000
3.330000
-1.550000
-2.450000
-2.800000
-3.150000
-2.350000
 -3.350000
-5.980000
-10.600000
-10.000000
-7.930000
-6.980000
-4.450000
-3.500000
-4.330000
-1.730000
 -0.180000
-3.700000
-4.480000
0.700000
6.280000
2.300000
 3.450000
 4.280000
 6.100000
 0.250000
-0.380000
 1.000000
5.030000
 4.850000
 3.280000
-1.030000
-2.400000
 0.020000
 3.580000
 3.700000
5.830000
4.430000
-3.950000
-6.050000
-2.130000
0.530000
1.300000
2.600000
5.580000
7.500000
8.550000
 7.150000
-0.280000
2.200000
 2.180000
-0.250000
0.700000
2.400000
3.250000
0.780000
-5.180000
-5.580000
 -2.200000
0.030000
-1.130000
-0.150000
-1.000000
 -1.550000
 -1.580000
-1.130000
1.530000
3.980000
8.850000
2.750000
4.430000
5.380000
10.700000
15.200000
15.700000
15.200000
15.900000
9.700000
 8.730000
5.800000
5.000000
7.730000
10.300000
9.530000
10.400000
8.250000
9.930000
13.000000
9.780000
12.300000
 13.000000
 4.430000
4.230000
8.950000
10.600000
8.650000
10.500000
14.100000
12.400000
12.800000
14.200000
15.100000
16.400000
13.300000
10.900000
4.350000
 6.500000
 2.550000
2.080000
6.480000
8.930000
10.100000
 9.950000
7.300000
 8.650000
 3.930000
7.480000
12.300000
10.400000
14.300000
10.900000
9.250000
8.950000
7.750000
10.300000
12.900000
9.500000
9.230000
12.900000
14.800000
16.400000
20.100000
14.800000
15.400000
15.900000
11.100000
12.600000
10.100000
12.900000
15.800000
18.600000
 16.600000
11.600000
12.000000
14.800000
 11.500000
12.700000
10.900000
20.100000
 16.900000
9.580000
8.130000
9.830000
11.400000
10.500000
9.730000
15.000000
15.500000
15.200000
15.900000
17.500000
18.800000
19.400000
 14.800000
16.500000
18.800000
16.600000
18.500000
 18.600000
12.300000
11.100000
13.400000
12.400000
13.400000
 14.700000
9.430000
8.980000
10.700000
13.400000
19.100000
20.700000
19.400000
 16.700000
17.600000
17.300000
 15.900000
12.800000
13.400000
15.700000
16.700000
18.900000
19.600000
 16.100000
9.850000
9.280000
12.000000
 10.400000
8.900000
8.130000
11.600000
 9.200000
7.050000
6.230000
 6.880000
 7.050000
 2.950000
 4.080000
3.680000
 5.130000
 8.100000
5.830000
6.400000
4.830000
4.630000
3.430000
7.330000
8.130000
6.550000
5.150000
6.630000
9.480000
7.080000
5.000000
7.630000
9.430000
10.200000
10.100000
11.300000
15.900000
14.100000
7.400000
8.150000
10.800000
11.900000
12.100000
10.000000
10.100000
8.280000
9.550000
14.100000
14.200000
11.400000
12.500000
8.650000
7.300000
7.550000
6.830000
7.300000
6.230000
6.000000
5.730000
5.550000
5.430000
7.980000
7.850000
7.150000
9.750000
10.200000
0.780000
2.500000
3.450000
4.780000
-0.180000
 -0.130000
 1.730000
 1.430000
-4.730000
-6.300000
-2.100000
0.200000
-2.850000
-5.080000
-2.850000
-1.350000
-2.000000
-4.680000
-1.750000
-2.980000
-2.080000
 -1.930000
-5.980000
-3.580000
-2.900000
0.850000
0.630000
-2.200000
 -1.500000
-1.230000
-2.000000
1.180000
-0.550000
 0.780000
-0.030000
 -0.130000
-2.830000
-6.580000
-8.130000
-3.480000
-2.950000
-3.900000
-16.700000
-14.800000
-9.250000
-7.930000
-6.630000
-5.880000
-5.650000
-10.000000
 -8.350000
-5.680000
-12.700000
-10.300000
 -3.350000
-4.980000
-8.200000
 -1.650000
 -1.650000
-7.350000
-9.750000
-8.930000
-7.380000
-12.600000
-8.300000
-5.280000
-2.980000
-3.500000
-3.250000
0.150000
-1.250000
-3.650000
-3.450000
-6.100000
-8.200000
-4.130000
-4.300000
-5.230000
-5.450000
-2.280000
 -1.030000
1.280000
2.280000
1.400000
2.150000
 -1.450000
 1.750000
 2.950000
4.350000
4.030000
5.800000
2.830000
3.050000
8.100000
7.350000
3.800000
5.700000
3.080000
-0.830000
-0.600000
 3.030000
-0.550000
1.750000
 4.030000
 1.100000
-3.950000
-5.730000
-1.830000
1.100000
-0.700000
 -2.400000
 -0.730000
-6.150000
 -5.250000
 -1.900000
 -5.330000
 -1.180000
 2.330000
0.150000
-1.430000
-0.480000
-2.900000
-4.730000
-0.800000
2.080000
5.800000
1.330000
0.130000
3.880000
0.430000
4.700000
7.580000
6.630000
2.030000
0.900000
2.980000
5.030000
 5.300000
 1.630000
 3.200000
4.930000
 -1.500000
 -4.280000
-5.000000
-5.730000
-5.650000
-5.700000
-2.050000
4.050000
7.080000
6.580000
5.980000
6.300000
4.030000
2.780000
-2.500000
-5.300000
-3.000000
-0.300000
0.200000
-1.780000
2.200000
2.230000
5.230000
1.980000
0.130000
2.250000
3.200000
4.650000
 5.000000
 1.580000
3.800000
6.030000
8.100000
5.580000
6.880000
 8.700000
2.130000
6.450000
5.750000
6.350000
13.400000
14.800000
14.900000
11.900000
6.450000
7.300000
9.800000
12.600000
14.400000
11.000000
11.100000
9.950000
11.700000
10.800000
8.750000
13.600000
16.200000
15.900000
8.030000
7.930000
11.700000
15.900000
15.700000
8.580000
 11.400000
7.150000
 8.180000
8.150000
9.850000
9.680000
10.300000
10.400000
9.000000
13.300000
16.000000
15.000000
 13.600000
 9.930000
9.800000
10.700000
9.730000
9.830000
12.700000
15.100000
14.800000
 19.500000
17.000000
19.000000
21.400000
23.500000
21.700000
17.900000
17.800000
 20.600000
11.300000
11.300000
13.700000
15.600000
9.480000
7.080000
11.700000
14.400000
10.900000
 13.800000
7.980000
13.400000
 14.700000
12.800000
18.500000
21.600000
17.700000
10.500000
13.800000
 16.100000
15.100000
14.200000
15.100000
14.300000
10.300000
10.900000
13.600000
13.800000
9.800000
12.400000
12.800000
9.050000
9.880000
12.500000
17.300000
19.100000
19.800000
 17.500000
16.400000
13.700000
15.500000
 14.000000
13.700000
 11.700000
 11.200000
12.000000
14.500000
15.300000
 13.200000
0 10.500000
10.400000
12.700000
13.700000
14.400000
15.300000
17.100000
17.500000
17.100000
12.200000
11.900000
14.900000
16.200000
16.500000
17.200000
 16.000000
14.100000
15.800000
16.700000
 16.400000
9.630000
8.830000
12.800000
14.300000
10.300000
10.600000
12.900000
15.300000
15.800000
10.400000
10.300000
7.730000
6.130000
10.000000
4.930000
5.900000
7.180000
8.500000
10.300000
 8.700000
7.830000
5.630000
 5.080000
-0.880000
-0.200000
 2.850000
2.900000
0.930000
4.000000
5.680000
6.630000
7.880000
8.780000
 5.630000
 4.680000
 4.450000
0.450000
0.700000
1.380000
1.900000
0.530000
-0.350000
0.930000
5.180000
7.530000
 11.200000
 5.630000
 1.000000
-0.030000
-0.100000
7.630000
8.080000
6.430000
0.250000
 4.650000
 4.450000
 4.750000
0.980000
 2.800000
3.030000
4.750000
4.830000
 4.980000
3.650000
 1.750000
-5.730000
-6.650000
-4.000000
 -1.730000
 -0.200000
 -3.050000
 2.630000
2.530000
3.000000
6.330000
9.400000
11.400000
3.700000
4.150000
 1.650000
0.750000
5.350000
 2.400000
-0.050000
5.700000
7.250000
4.550000
2.550000
6.600000
2.250000
0.430000
-0.080000
-0.580000
-0.800000
0.780000
-0.480000
-4.550000
-5.730000
-9.100000
-12.300000
-12.400000
-11.800000
-5.200000
-1.100000
-5.430000
-5.330000
 -0.250000
-1.230000
-6.530000
-7.280000
-2.330000
0.350000
 1.650000
-0.150000
-0.280000
-1.430000
1.630000
4.500000
 4.000000
 -0.130000
 4.800000
-4.650000
 -0.700000
 4.100000
 0.680000
-3.080000
-10.100000
-10.900000
-12.700000
-14.400000
-16.100000
-11.900000
-11.800000
-9.380000
 -7.230000
-1.480000
-1.580000
-3.300000
-3.050000
-3.450000
-1.380000
1.030000
1.680000
-0.450000
-1.430000
-2.630000
-3.600000
-4.630000
-0.230000
-2.000000
-4.780000
-6.030000
-7.930000
-11.400000
-7.750000
 -2.780000
-6.300000
 -6.780000
-8.330000
 -7.650000
-5.830000
-9.650000
-6.780000
-9.980000
-10.400000
-10.000000
-8.800000
 -8.780000
-9.880000
-10.300000
-9.950000
-6.480000
-3.030000
-2.800000
-5.650000
-2.580000
1.000000
0.400000
1.980000
3.330000
1.750000
0.900000
0.930000
0.000000
-0.730000
-0.250000
-1.480000
-1.800000
-1.250000
1.400000
5.480000
7.330000
2.080000
-4.580000
-5.600000
-5.000000
-2.680000
-1.180000
-1.380000
2.030000
-0.950000
-3.850000
-4.750000
1.330000
3.900000
5.600000
6.280000
5.900000
6.900000
5.250000
6.780000
1.300000
4.230000
0.000000
-2.200000
-2.050000
-0.980000
-6.800000
-8.480000
-8.080000
-5.150000
-0.500000
-2.630000
2.000000
4.530000
5.850000
8.680000
7.180000
5.000000
1.250000
0.780000
7.980000
7.150000
7.200000
6.780000
5.780000
9.180000
11.900000
5.930000
10.100000
12.100000
14.800000
7.630000
12.600000
4.930000
12.300000
18.600000
19.600000
13.700000
18.800000
 13.000000
11.700000
 9.580000
11.300000
6.930000
3.380000
1.000000
5.950000
11.100000
9.500000
 12.100000
6.150000
5.680000
7.250000
10.500000
15.500000
14.800000
11.700000
12.900000
12.000000
14.000000
16.000000
13.700000
14.300000
16.200000
17.300000
18.500000
 19.100000
17.600000
 15.700000
19.100000
16.100000
18.600000
20.100000
21.100000
 16.800000
 15.600000
13.100000
14.900000
16.100000
 12.700000
12.400000
 12.400000
10.300000
14.400000
 18.800000
16.100000
15.700000
14.800000
14.100000
13.900000
16.600000
21.600000
11.200000
10.400000
10.600000
10.900000
10.600000
11.000000
13.200000
13.500000
 12.700000
13.400000
14.800000
15.800000
11.800000
14.100000
17.700000
21.500000
 14.400000
14.200000
17.800000
20.500000
21.500000
 17.900000
14.200000
 16.400000
14.400000
16.400000
 21.900000
15.200000
 12.700000
14.900000
14.000000
16.700000
19.900000
21.400000
23.100000
22.000000
20.100000
19.700000
22.000000
20.600000
22.800000
19.700000
20.600000
23.600000
 20.800000
13.600000
17.100000
18.000000
17.900000
13.000000
16.400000
16.900000
16.500000
17.400000
14.900000
13.200000
15.100000
13.600000
16.500000
13.900000
10.700000
6.900000
6.600000
5.030000
6.300000
9.100000
11.300000
11.800000
12.500000
12.900000
11.000000
9.750000
 6.700000
7.980000
7.130000
8.730000
10.100000
10.400000
13.600000
14.900000
17.500000
17.900000
17.000000
17.600000
9.980000
4.580000
6.550000
9.330000
9.750000
10.900000
6.930000
6.700000
9.280000
12.000000
10.800000
 7.150000
 1.580000
1.680000
 0.730000
 0.530000
 3.180000
6.250000
7.150000
2.630000
2.150000
-0.680000
0.530000
-0.830000
-1.500000
-1.380000
0.400000
2.330000
-0.780000
-1.680000
-5.180000
-8.380000
-4.680000
-2.580000
-1.030000
-1.250000
2.180000
0.230000
6.730000
4.830000
2.450000
4.550000
4.180000
1.700000
0.850000
-0.630000
1.430000
5.330000
-0.830000
-2.880000
-3.030000
-2.150000
-1.030000
1.250000
4.530000
-0.650000
1.680000
5.200000
6.930000
8.730000
8.200000
7.730000
8.400000
6.530000
6.000000
5.930000
3.430000
-0.480000
-0.230000
2.230000
8.780000
4.750000
-2.200000
0.750000
-3.700000
-8.450000
-3.200000
2.650000
0.830000
1.230000
-1.780000
 3.450000
 0.130000
 -5.600000
-5.730000
-2.900000
-0.450000
0.330000
1.150000
-1.000000
-6.250000
-12.500000
-11.000000
-5.150000
0.580000
1.900000
3.030000
-3.230000
-2.880000
 -4.650000
-7.850000
-9.750000
-10.900000
-10.500000
-8.330000
-6.000000
-2.230000
-4.400000
 -0.900000
-2.080000
 0.880000
 -1.200000
 0.050000
 -2.230000
-3.550000
 -2.180000
-2.750000
-4.980000
 -5.830000
-6.480000
-8.500000
-12.400000
-13.600000
-8.980000
-5.580000
-6.750000
-4.850000
-8.130000
-7.380000
-7.780000
-0.180000
2.200000
 3.030000
3.830000
5.030000
6.980000
6.250000
2.030000
 -3.080000
 -5.030000
-5.430000
-5.500000
-9.080000
-2.630000
-1.700000
-2.300000
-4.700000
-1.800000
-3.680000
-7.080000
-6.750000
-0.380000
2.100000
 -6.930000
-8.500000
-6.700000
-4.800000
-7.230000
-8.080000
-8.030000
-9.130000
-5.630000
-4.280000
-6.600000
-9.050000
-2.730000
-3.200000
-5.550000
-6.550000
-5.730000
-4.630000
-1.330000
5.450000
2.100000
2.980000
6.230000
7.800000
10.700000
7.630000
5.650000
2.600000
-0.200000
 -1.550000
 -1.980000
-4.630000
-5.680000
-4.780000
-4.380000
0.430000
0.530000
2.480000
5.200000
6.500000
5.530000
4.280000
 1.030000
 -0.650000
 -1.050000
-0.900000
0.750000
-0.350000
-0.280000
1.430000
1.230000
3.550000
7.050000
5.880000
6.730000
7.250000
3.050000
3.400000
7.700000
11.500000
10.200000
2.730000
1.900000
5.880000
7.580000
10.600000
11.000000
12.700000
9.830000
8.630000
10.200000
10.600000
10.500000
 4.330000
1.200000
3.150000
2.750000
4.630000
6.500000
8.750000
4.500000
4.880000
 7.730000
5.300000
7.500000
10.500000
11.200000
13.400000
 8.730000
2.100000
0.000000
3.600000
6.280000
9.380000
6.830000
5.850000
8.680000
11.800000
12.000000
 8.330000
 6.780000
 7.680000
 9.000000
7.230000
8.950000
12.300000
16.100000
19.600000
17.000000
12.000000
10.300000
7.500000
11.400000
14.100000
7.500000
12.400000
10.100000
9.830000
5.950000
8.400000
12.000000
14.400000
12.500000
9.450000
10.600000
14.000000
14.100000
10.600000
13.000000
11.500000
8.750000
8.280000
12.300000
14.700000
11.500000
13.900000
 18.400000
10.200000
7.250000
6.600000
 8.530000
7.330000
9.180000
11.000000
14.000000
18.400000
17.400000
16.400000
 17.300000
18.000000
18.900000
17.800000
14.200000
13.000000
11.600000
8.450000
10.200000
13.200000
16.400000
17.700000
 14.800000
15.800000
16.100000
17.700000
18.400000
17.800000
16.700000
15.600000
16.400000
17.600000
17.900000
 20.700000
11.300000
 10.600000
12.300000
16.700000
17.700000
19.800000
18.600000
11.500000
9.680000
8.680000
10.300000
12.400000
11.900000
9.880000
11.000000
13.200000
13.600000
 11.100000
8.330000
10.000000
12.900000
14.900000
15.300000
14.000000
14.700000
13.900000
11.300000
8.880000
11.700000
13.800000
 10.500000
9.780000
14.900000
9.050000
6.550000
7.300000
10.900000
12.000000
11.900000
7.250000
 4.230000
 6.230000
 3.580000
 5.650000
4.000000
5.850000
7.800000
 7.380000
4.500000
7.230000
 7.480000
6.000000
11.300000
15.900000
13.100000
9.830000
 9.800000
3.450000
1.330000
-0.430000
-0.530000
2.350000
1.850000
 4.650000
0.880000
 1.730000
2.500000
4.130000
9.330000
10.700000
9.000000
10.400000
10.700000
10.500000
6.830000
5.130000
9.580000
12.100000
6.880000
 4.430000
5.500000
7.230000
15.200000
12.700000
4.080000
-0.550000
-1.600000
-3.130000
-3.650000
-2.730000
0.530000
2.980000
-2.430000
-4.780000
-5.280000
-1.750000
 0.150000
 1.200000
 -3.300000
 -5.680000
-6.080000
 0.450000
-1.400000
-6.880000
-1.950000
0.180000
-0.200000
-0.130000
-1.050000
-1.630000
0.700000
0.700000
0.550000
-1.080000
-2.680000
-2.380000
2.550000
-0.130000
3.600000
4.080000
5.930000
1.750000
1.350000
0.180000
0.730000
0.550000
 -1.250000
-4.250000
-5.200000
-8.200000
-7.530000
-7.500000
 -1.330000
0.600000
0.400000
-1.650000
-3.530000
-4.780000
-3.900000
-5.530000
-1.500000
-0.800000
-1.900000
-2.900000
-1.300000
 -1.400000
-0.500000
1.100000
4.900000
0.700000
4.100000
1.000000
2.500000
-2.100000
-4.500000
-5.400000
-1.300000
0.500000
0.600000
-4.100000
 -1.100000
-3.300000
-5.000000
 -6.700000
-8.000000
-9.900000
-11.700000
-11.600000
-11.800000
-12.300000
-10.100000
 -5.400000
-5.700000
 -4.100000
-4.500000
-7.900000
-8.300000
-5.900000
-8.500000
-4.900000
-2.700000
 -1.600000
 -1.000000
 1.700000
 -4.200000
-6.700000
 -7.300000
-7.200000
-7.200000
-8.300000
-7.300000
-5.900000
-7.000000
-6.900000
-8.200000
-7.900000
-7.700000
-7.500000
-12.100000
-14.500000
-12.700000
-9.600000
-8.600000
-10.100000
-10.800000
-10.200000
-9.900000
-4.400000
-4.100000
-9.800000
 -5.600000
-4.900000
-5.500000
-3.400000
0.900000
5.700000
7.300000
6.300000
-0.100000
-3.700000
-1.300000
1.800000
5.600000
5.900000
6.000000
5.200000
5.200000
4.000000
4.200000
3.600000
0.600000
0.700000
3.700000
6.400000
5.700000
6.600000
5.800000
7.400000
3.200000
-0.400000
-1.200000
1.200000
5.300000
5.800000
7.700000
8.600000
9.600000
5.300000
6.600000
5.800000
0.900000
-1.900000
1.900000
5.200000
7.400000
5.700000
4.800000
5.100000
5.200000
7.400000
10.900000
14.100000
16.600000
 12.700000
7.700000
5.200000
 1.700000
 2.200000
0.000000
1.500000
2.200000
2.000000
4.300000
7.900000
10.800000
6.700000
 8.700000
6.500000
 3.500000
4.000000
9.100000
14.900000
12.800000
9.800000
7.400000
13.200000
15.400000
19.100000
21.100000
21.500000
18.000000
7.000000
7.500000
11.000000
16.200000
9.600000
8.100000
7.100000
2.900000
3.100000
5.400000
7.200000
 6.600000
6.700000
12.800000
 15.500000
 12.600000
15.100000
14.500000
13.100000
14.100000
16.300000
17.400000
15.900000
16.700000
19.300000
 19.300000
16.600000
17.000000
18.200000
 16.900000
 14.000000
 10.400000
11.900000
15.000000
17.700000
 5.800000
11.000000
 8.900000
8.000000
 11.700000
 11.300000
11.300000
13.600000
16.500000
17.200000
16.500000
17.900000
15.400000
17.400000
12.000000
11.900000
10.300000
8.300000
9.600000
13.800000
13.200000
14.800000
19.300000
23.300000
24.800000
 14.900000
11.500000
14.000000
15.300000
11.400000
10.000000
11.500000
9.200000
5.600000
6.700000
8.100000
8.800000
11.400000
12.400000
10.700000
10.300000
 8.400000
9.700000
11.500000
13.900000
15.300000
13.000000
 13.300000
 12.200000
12.100000
11.100000
13.400000
10.700000
12.800000
12.100000
15.500000
16.000000
16.300000
17.100000
17.300000
12.100000
11.500000
12.300000
14.100000
14.000000
16.500000
 17.200000
14.000000
12.900000
 12.500000
9.900000
10.900000
 10.800000
 9.700000
4.000000
4.400000
4.200000
5.000000
6.200000
9.400000
9.800000
10.400000
11.200000
11.800000
8.300000
9.000000
5.900000
3.400000
 4.700000
 5.900000
7.100000
10.400000
10.400000
9.300000
9.800000
8.600000
8.000000
7.700000
7.800000
5.300000
4.800000
6.000000
7.100000
3.400000
0.900000
0.200000
3.200000
8.100000
8.600000
10.200000
 8.000000
6.800000
9.900000
8.900000
10.100000
9.400000
9.300000
9.600000
8.400000
8.100000
6.800000
7.700000
9.800000
4.000000
2.400000
1.600000
6.500000
6.500000
5.100000
2.600000
4.600000
1.600000
-3.200000
1.500000
-0.500000
-3.100000
-4.400000
-6.100000
 -3.800000
-4.400000
-5.400000
-8.400000
-9.700000
-6.500000
-5.000000
-5.700000
 -4.500000
-3.600000
-5.300000
-6.400000
-1.500000
-0.400000
0.000000
-1.200000
-2.400000
-2.900000
-4.000000
-4.500000
-7.300000
-4.500000
-2.700000
-3.500000
-3.600000
 -3.100000
 -3.500000
-6.900000
-7.200000
-6.400000
-3.700000
-4.400000
-3.900000
-2.000000
-1.500000
-3.800000
-6.400000
-7.800000
-8.600000
-10.800000
-12.700000
-1.800000
-1.830000
 -3.280000
-4.600000
-5.630000
-4.900000
-3.100000
-4.280000
-7.100000
-5.900000
-3.430000
-3.830000
-3.100000
-3.430000
-1.850000
-5.430000
-7.350000
 -3.830000
-3.430000
-5.230000
-0.450000
 -2.800000
-10.800000
-14.200000
-7.300000
-6.880000
-12.000000
-4.150000
0.600000
-1.050000
-0.030000
-0.430000
1.500000
-1.150000
-4.800000
-7.350000
-10.200000
-8.050000
 -3.550000
 -3.300000
 -5.750000
 -5.430000
-6.950000
-8.330000
-7.580000
-5.930000
 -1.050000
 0.080000
-1.030000
-0.200000
1.130000
3.130000
-1.100000
-4.630000
-5.980000
-6.080000
-8.350000
-9.880000
-10.400000
-8.530000
-6.900000
-7.830000
 -3.600000
 -6.000000
-7.400000
-6.300000
-6.630000
 -6.550000
 0.630000
-1.430000
 -2.780000
-10.200000
-9.900000
-8.150000
-8.130000
-5.900000
-5.380000
-4.350000
-0.830000
0.600000
1.180000
-1.780000
-4.830000
1.400000
 3.350000
 5.300000
6.900000
 2.530000
1.180000
 3.450000
4.200000
5.550000
4.750000
1.380000
0.500000
-2.480000
-2.830000
-0.480000
3.350000
1.980000
 -1.450000
-2.180000
-1.450000
 0.680000
 2.580000
5.080000
4.930000
4.430000
4.550000
5.100000
7.150000
10.400000
8.930000
6.250000
9.330000
10.100000
9.780000
 8.050000
 4.800000
0.880000
1.300000
4.200000
9.080000
10.800000
8.530000
9.650000
10.100000
8.530000
10.200000
10.100000
9.100000
9.230000
11.300000
9.450000
7.180000
9.930000
 12.400000
9.580000
 12.600000
8.280000
 8.650000
7.100000
14.300000
7.980000
6.500000
 7.150000
 8.750000
 10.800000
9.530000
5.550000
 1.450000
2.150000
2.000000
4.830000
6.830000
4.630000
4.500000
4.100000
5.950000
8.580000
10.800000
10.200000
12.100000
15.400000
17.000000
19.100000
19.900000
 20.200000
15.400000
17.100000
 18.900000
19.700000
 21.300000
16.400000
13.500000
17.900000
19.000000
18.900000
16.100000
14.500000
 12.900000
10.300000
12.000000
12.600000
14.800000
15.500000
18.100000
17.400000
16.200000
16.200000
 15.800000
17.800000
19.900000
17.400000
19.500000
16.800000
12.800000
12.900000
15.700000
17.600000
20.200000
22.300000
20.700000
20.900000
19.800000
19.900000
21.300000
 20.900000
20.600000
 19.000000
14.700000
17.000000
 17.100000
14.600000
11.200000
 10.100000
 9.480000
 11.000000
 11.300000
12.100000
12.100000
10.300000
10.500000
8.050000
7.650000
8.950000
8.200000
8.250000
13.100000
18.700000
14.600000
16.900000
11.800000
11.400000
9.630000
10.400000
12.400000
9.650000
9.850000
9.780000
 8.600000
 5.200000
6.350000
7.030000
10.300000
13.900000
14.700000
16.600000
13.500000
15.400000
17.900000
7.900000
10.000000
11.500000
13.100000
12.800000
13.400000
14.200000
14.500000
12.700000
12.900000
12.700000
 10.100000
10.100000
11.600000
12.700000
11.900000
13.400000
12.600000
11.200000
11.300000
10.100000
11.900000
12.200000
12.600000
11.800000
 12.900000
5.650000
5.580000
7.100000
6.680000
6.650000
9.750000
9.730000
10.700000
11.300000
9.800000
8.530000
5.280000
3.580000
4.650000
7.430000
11.200000
9.150000
9.450000
11.300000
12.100000
9.230000
8.200000
16.700000
12.400000
9.130000
7.100000
3.600000
8.150000
0.030000
-5.150000
-6.380000
-1.450000
1.350000
1.930000
4.480000
6.300000
 2.850000
-1.650000
 2.230000
-0.530000
 0.880000
6.180000
7.980000
9.250000
9.330000
5.900000
5.650000
0.030000
3.000000
-0.530000
2.900000
6.750000
10.100000
9.650000
8.480000
7.800000
4.530000
2.350000
1.400000
3.730000
4.650000
 2.030000
6.000000
4.730000
2.850000
8.680000
0.450000
-2.030000
-2.450000
-1.150000
0.200000
4.750000
6.350000
4.850000
-0.680000
-3.080000
-4.630000
-2.750000
-1.730000
-2.850000
3.050000
2.800000
-4.100000
-2.700000
1.050000
-1.400000
-2.150000
2.850000
 2.900000
2.000000
-2.800000
-1.800000
 -0.200000
 -0.100000
 2.000000
0.700000
 2.400000
5.200000
5.600000
 1.800000
0.500000
3.200000
1.500000
1.800000
1.900000
3.000000
 5.200000
 2.700000
5.500000
-0.700000
-1.900000
-8.800000
 -9.000000
-10.100000
-11.200000
-6.700000
-3.200000
-1.600000
-1.900000
-2.900000
-1.500000
0.500000
-1.800000
-2.100000
-0.100000
-3.300000
 -1.700000
-0.200000
-1.800000
0.600000
0.400000
 1.300000
 0.100000
0.400000
-0.400000
-1.600000
-0.300000
0.500000
-1.700000
1.800000
2.300000
1.400000
2.700000
4.000000
1.800000
-0.100000
 -1.500000
 2.200000
 1.600000
 -0.900000
 0.400000
-0.900000
2.800000
5.300000
 6.600000
1.200000
0.700000
-1.500000
0.200000
6.000000
6.800000
3.600000
2.200000
3.100000
1.400000
 2.200000
-3.500000
-4.200000
-4.100000
-3.600000
 -1.800000
-0.600000
1.700000
2.600000
3.300000
3.200000
1.100000
3.700000
4.200000
5.100000
6.000000
3.500000
-2.400000
3.500000
7.000000
4.600000
3.700000
7.000000
6.900000
8.000000
10.300000
11.500000
13.400000
11.600000
10.700000
11.100000
2.800000
4.300000
4.700000
4.700000
8.000000
11.700000
8.000000
10.800000
11.700000
13.100000
13.700000
8.300000
5.300000
4.000000
5.300000
8.100000
9.400000
6.300000
5.200000
 9.100000
 6.500000
 6.100000
9.900000
11.900000
9.200000
16.100000
16.900000
5.600000
 5.800000
 3.100000
4.900000
12.400000
15.500000
16.900000
 15.200000
15.100000
16.300000
17.300000
15.200000
 16.100000
11.900000
4.300000
5.300000
9.200000
12.600000
11.000000
11.000000
11.400000
13.200000
14.100000
16.600000
17.300000
18.200000
14.300000
14.800000
13.600000
15.500000
16.300000
 15.700000
11.700000
14.900000
13.600000
18.000000
21.200000
16.500000
11.000000
10.400000
14.900000
 16.100000
 7.900000
6.600000
7.100000
9.700000
10.900000
14.800000
10.900000
11.500000
 7.200000
 7.400000
9.700000
12.000000
14.200000
 10.100000
 6.300000
8.500000
 8.800000
12.100000
18.800000
23.500000
22.900000
21.900000
18.200000
18.000000
20.200000
 17.700000
11.500000
18.400000
10.600000
10.600000
14.400000
14.900000
14.000000
 12.200000
6.800000
8.600000
11.000000
16.000000
10.200000
11.100000
14.400000
16.900000
18.300000
15.100000
14.100000
 10.100000
12.800000
12.000000
14.100000
14.100000
18.200000
 15.100000
8.400000
12.200000
14.900000
11.900000
14.000000
12.800000
 15.800000
14.300000
16.100000
15.600000
14.700000
10.300000
8.300000
8.100000
 9.100000
7.800000
9.300000
7.700000
 2.500000
 3.400000
 5.000000
 7.000000
8.200000
6.900000
 6.300000
 6.300000
7.500000
7.400000
10.700000
7.800000
11.100000
13.800000
 6.600000
1.600000
5.000000
8.900000
11.400000
11.900000
13.000000
6.400000
5.500000
6.600000
 4.300000
6.300000
9.500000
9.900000
12.100000
10.200000
10.500000
8.800000
4.700000
4.100000
6.200000
4.800000
5.400000
4.100000
6.400000
2.400000
3.100000
9.400000
9.200000
9.000000
1.400000
-1.900000
-2.400000
-2.100000
-2.800000
-1.600000
0.000000
1.200000
2.600000
1.800000
1.700000
4.400000
2.700000
1.300000
1.800000
4.400000
6.100000
0.800000
-1.000000
-1.200000
 -0.800000
 1.400000
 -1.800000
 -3.400000
 -2.300000
 -3.600000
 -3.600000
 -4.800000
-7.200000
-8.200000
-3.800000
-3.200000
-0.800000
1.000000
5.400000
6.500000
4.800000
0.800000
 -2.100000
 -4.500000
-5.000000
-5.400000
-1.600000
-1.600000
2.000000
 1.800000
 -0.600000
-1.800000
0.100000
1.700000
 2.700000
-1.500000
 0.400000
-1.200000
 -1.100000
-1.900000
-4.900000
-7.100000
-7.600000
-7.800000
-8.700000
-5.200000
-3.000000
3.200000
3.300000
2.500000
-2.300000
-4.900000
-5.700000
-2.900000
-4.600000
-0.800000
-0.100000
-1.500000
-3.800000
-6.730000
-7.750000
-8.080000
-2.400000
 1.280000
-1.350000
-0.900000
-1.900000
0.300000
1.430000
4.130000
1.400000
0.130000
1.780000
2.100000
2.250000
0.030000
 0.950000
3.650000
2.630000
1.030000
-2.980000
-3.500000
2.080000
-1.730000
-0.730000
-0.450000
1.030000
-0.680000
-0.700000
-3.480000
0.700000
-3.200000
-2.200000
2.600000
0.350000
 0.900000
-3.500000
-2.030000
-0.880000
-1.580000
-0.050000
-0.680000
1.650000
-3.700000
-7.930000
-11.000000
-4.650000
0.250000
0.350000
1.830000
1.880000
3.400000
2.950000
7.600000
2.830000
5.630000
0.850000
-0.400000
 2.850000
 1.300000
 2.700000
 1.230000
-3.750000
-7.500000
-5.030000
-0.330000
-0.030000
1.530000
3.800000
 1.380000
 1.930000
 -1.100000
 0.600000
1.750000
 2.880000
-1.700000
-4.350000
-4.700000
 -4.480000
 -2.980000
-3.830000
-3.530000
-7.080000
-6.400000
-4.250000
-0.250000
0.900000
-0.030000
6.930000
7.200000
4.680000
 1.130000
0.130000
-0.400000
0.930000
-0.350000
-3.100000
1.530000
7.050000
7.880000
9.680000
1.450000
3.280000
6.150000
0.680000
-1.130000
0.650000
4.250000
3.480000
6.230000
 7.050000
3.500000
3.030000
5.850000
 3.200000
3.850000
8.350000
10.800000
 4.700000
6.980000
4.600000
6.480000
6.000000
5.400000
5.750000
6.530000
7.750000
9.930000
11.000000
9.650000
9.750000
11.900000
12.100000
 12.300000
11.200000
10.100000
13.600000
 7.550000
5.280000
2.830000
4.180000
4.880000
7.350000
10.400000
11.200000
14.400000
18.400000
18.600000
16.400000
20.500000
16.700000
16.000000
16.700000
13.700000
 12.100000
11.400000
10.500000
13.000000
12.500000
12.500000
12.900000
12.000000
8.430000
5.850000
6.980000
8.050000
8.130000
9.150000
11.200000
15.100000
13.600000
16.400000
20.300000
17.700000
15.300000
20.100000
14.700000
14.700000
13.800000
16.400000
15.600000
17.600000
19.800000
 17.500000
11.200000
12.500000
15.700000
10.900000
9.730000
9.380000
14.200000
20.200000
12.800000
 9.830000
9.280000
12.300000
15.000000
9.050000
10.200000
14.900000
12.100000
7.380000
7.330000
10.100000
10.600000
14.800000
17.400000
18.400000
18.000000
19.900000
18.900000
 16.900000
18.900000
14.500000
14.300000
14.900000
11.900000
16.000000
19.900000
12.900000
9.880000
14.300000
16.900000
16.900000
11.000000
15.600000
 8.630000
 7.100000
9.100000
13.500000
18.800000
12.300000
13.100000
14.900000
9.830000
7.550000
9.980000
12.900000
13.900000
15.500000
11.000000
12.100000
13.400000
12.900000
14.100000
 17.500000
13.700000
17.200000
19.300000
10.200000
9.650000
12.900000
15.000000
15.900000
13.600000
5.980000
2.300000
 2.400000
0.650000
-0.030000
3.130000
3.880000
3.080000
4.330000
3.700000
4.050000
4.530000
4.600000
3.980000
4.880000
6.280000
6.150000
 5.830000
 6.680000
5.600000
2.150000
1.030000
4.630000
7.180000
7.630000
8.480000
8.730000
8.780000
8.400000
10.100000
11.800000
10.800000
10.700000
 5.930000
1.730000
3.250000
3.180000
9.180000
10.600000
5.730000
0.100000
4.030000
3.350000
7.850000
7.050000
4.650000
1.350000
-0.380000
5.330000
9.130000
7.200000
10.600000
8.450000
11.200000
8.730000
5.380000
3.900000
6.630000
6.450000
7.330000
1.300000
0.980000
0.530000
3.180000
2.400000
-3.000000
-2.630000
0.030000
 1.080000
 -2.650000
-6.800000
-7.280000
-3.180000
-4.730000
-4.650000
0.100000
-1.030000
-1.280000
2.430000
0.780000
-2.280000
-1.880000
-0.900000
0.380000
-0.800000
-2.100000
-3.500000
-1.650000
-3.800000
-2.550000
-4.180000
-1.480000
-0.630000
1.450000
2.580000
-0.300000
-3.100000
-2.480000
-0.880000
-0.600000
0.580000
-1.180000
-0.930000
-5.980000
-8.280000
-8.650000
-9.750000
-8.180000
-3.200000
0.050000
-6.830000
-9.330000
-10.300000
-7.480000
-7.600000
-10.200000
-9.550000
-9.630000
-0.630000
-0.500000
-0.830000
0.850000
2.650000
-1.680000
-2.480000
-4.530000
-1.630000
0.600000
0.130000
-1.080000
-2.800000
-3.800000
0.400000
-3.480000
-4.230000
-3.800000
-4.880000
-5.380000
-6.600000
-7.680000
-7.480000
-7.700000
-2.100000
2.030000
0.700000
2.500000
5.200000
3.500000
-4.250000
-5.380000
 -0.650000
-5.350000
-7.650000
-8.400000
-8.030000
-9.580000
-6.050000
-8.350000
-9.950000
-9.950000
 -5.480000
-3.630000
-2.800000
-2.480000
-4.380000
-4.550000
 -2.280000
-0.680000
1.700000
2.430000
2.200000
0.930000
2.650000
1.130000
-0.980000
-2.200000
-0.980000
-2.430000
 -1.580000
-2.780000
 -2.180000
0.100000
0.950000
1.380000
1.200000
0.930000
-0.730000
-4.850000
-6.050000
-6.000000
-1.250000
 -0.180000
 -4.350000
 -4.280000
 -0.850000
0.850000
3.400000
 -0.080000
0.250000
0.400000
3.200000
6.530000
8.780000
10.200000
8.480000
9.500000
11.500000
9.230000
10.900000
12.200000
12.100000
12.100000
10.900000
11.600000
11.400000
11.600000
 3.100000
3.480000
8.250000
8.980000
9.000000
7.930000
2.000000
7.050000
10.700000
11.400000
13.100000
10.800000
4.900000
6.600000
9.180000
9.080000
9.780000
3.430000
3.480000
5.650000
8.830000
11.600000
13.100000
13.300000
11.000000
5.780000
6.180000
4.580000
 8.880000
7.530000
14.400000
10.600000
10.100000
13.000000
16.400000
11.200000
10.700000
17.400000
17.600000
 14.800000
5.550000
6.100000
 3.530000
4.580000
7.050000
8.600000
9.000000
7.800000
4.450000
7.400000
8.580000
 8.880000
12.400000
12.900000
10.400000
 8.780000
7.680000
10.300000
16.900000
 14.800000
11.100000
11.900000
17.100000
11.000000
8.750000
8.330000
 7.150000
 9.050000
 9.600000
13.200000
 14.200000
 13.200000
12.800000
13.300000
15.200000
15.200000
15.400000
15.400000
13.400000
14.300000
 13.400000
11.900000
 9.230000
10.000000
8.830000
9.030000
12.600000
16.200000
 18.600000
15.600000
19.000000
 19.000000
 8.350000
 9.500000
10.800000
17.000000
19.400000
 19.300000
14.600000
 9.850000
11.500000
 17.100000
11.600000
15.800000
15.100000
13.500000
16.700000
17.400000
 13.700000
11.200000
14.800000
15.600000
16.600000
16.400000
15.600000
 14.900000
13.900000
13.900000
12.500000
12.100000
15.500000
17.300000
19.100000
14.500000
17.100000
18.200000
17.500000
10.900000
11.700000
13.700000
 17.100000
15.900000
16.900000
16.800000
8.500000
9.630000
13.800000
17.500000
15.200000
 13.400000
 9.100000
6.180000
6.950000
9.650000
13.000000
13.300000
13.900000
10.100000
9.100000
7.950000
 8.080000
11.400000
11.900000
 12.000000
12.000000
11.800000
12.900000
13.600000
13.300000
13.400000
10.800000
8.480000
8.950000
10.700000
11.000000
9.580000
7.850000
8.280000
5.600000
7.500000
7.500000
8.630000
13.700000
14.600000
13.800000
5.150000
8.730000
 5.780000
 1.000000
 -1.650000
-3.830000
-3.700000
 -1.730000
-1.100000
 -0.930000
-1.930000
-1.880000
1.150000
5.000000
5.330000
4.130000
8.480000
5.800000
5.130000
4.380000
5.750000
0.430000
-0.280000
3.450000
 4.280000
0.200000
1.750000
0.730000
0.630000
0.830000
-0.300000
0.700000
-1.500000
-0.480000
0.450000
5.400000
9.280000
5.650000
6.780000
9.980000
4.530000
6.830000
10.600000
9.350000
8.680000
 4.700000
 5.350000
5.250000
3.250000
1.880000
1.930000
5.800000
7.030000
-0.650000
-1.730000
3.300000
-1.500000
-1.400000
2.930000
2.950000
0.580000
-0.430000
 -0.230000
-1.800000
-4.950000
-8.800000
-9.430000
-7.850000
-10.300000
-11.400000
-11.200000
-14.400000
-13.200000
-5.450000
1.830000
-0.650000
6.330000
1.050000
-2.280000
-3.000000
-3.730000
-1.600000
 3.100000
1.830000
0.650000
-7.730000
-7.930000
-9.680000
-11.200000
-5.730000
-8.000000
-8.630000
-8.930000
-6.950000
-8.530000
-8.000000
-8.580000
-6.380000
-7.530000
-5.700000
 -1.450000
-2.780000
-2.980000
-3.580000
-7.030000
-9.050000
-10.600000
-10.000000
-9.350000
-12.200000
-11.100000
-6.780000
 -4.950000
-7.350000
-9.180000
-8.480000
 -6.280000
-3.400000
-0.780000
-2.730000
-3.300000
-8.480000
-11.700000
-11.800000
 -10.700000
-9.700000
-10.000000
-8.100000
-9.400000
-8.780000
-5.380000
-0.630000
1.500000
1.900000
-3.930000
-3.850000
0.930000
2.600000
1.500000
3.300000
0.930000
-0.300000
4.950000
-0.430000
-2.750000
-3.550000
-6.150000
-10.800000
-9.130000
-11.800000
-10.600000
-10.800000
-8.650000
 -7.080000
 -5.550000
-3.600000
-2.700000
 -3.530000
-1.500000
-0.230000
1.900000
6.350000
7.250000
 5.900000
3.130000
4.350000
8.000000
7.980000
 6.900000
2.200000
1.980000
4.650000
8.930000
2.030000
-0.900000
-0.780000
4.630000
4.030000
1.500000
2.830000
4.800000
6.980000
4.350000
0.180000
-1.380000
-0.630000
2.430000
2.130000
2.030000
4.350000
4.650000
6.380000
7.400000
6.600000
2.380000
2.600000
5.730000
8.650000
11.500000
8.980000
8.480000
9.300000
12.500000
13.100000
9.550000
 7.530000
6.300000
4.600000
3.630000
5.530000
4.150000
6.700000
8.480000
7.800000
11.100000
8.700000
6.680000
 3.080000
2.030000
4.280000
6.980000
 3.430000
2.700000
6.150000
8.950000
10.000000
11.300000
13.100000
 12.400000
 10.500000
9.330000
11.200000
9.530000
9.230000
5.130000
5.050000
 6.730000
8.550000
9.830000
14.300000
18.400000
13.900000
16.400000
18.400000
21.300000
20.400000
16.400000
 11.000000
10.200000
10.100000
8.480000
9.950000
 10.800000
7.000000
5.850000
6.800000
8.930000
10.700000
11.500000
14.000000
14.800000
15.300000
16.300000
17.800000
16.200000
17.700000
20.300000
21.100000
19.700000
15.800000
10.800000
11.400000
16.300000
20.700000
22.600000
22.300000
21.800000
17.800000
22.000000
17.500000
22.200000
 15.900000
10.900000
13.400000
16.300000
20.200000
 21.100000
 15.100000
 9.930000
9.250000
11.700000
12.100000
12.800000
11.700000
9.750000
12.800000
16.700000
 15.900000
11.800000
11.100000
 12.700000
 11.500000
 11.200000
13.300000
11.800000
14.100000
14.900000
16.600000
 14.100000
15.100000
 15.100000
10.400000
 9.300000
10.700000
11.200000
14.700000
17.800000
18.000000
18.700000
14.000000
9.480000
16.700000
 12.200000
7.130000
 7.900000
 3.900000
5.280000
6.800000
7.950000
7.950000
6.300000
7.630000
6.600000
6.430000
8.650000
8.780000
9.850000
11.000000
11.800000
8.800000
8.550000
9.550000
8.230000
5.800000
6.200000
4.230000
8.030000
11.400000
11.800000
12.800000
12.600000
 8.250000
3.580000
4.500000
 4.180000
3.850000
3.450000
5.130000
8.030000
6.350000
6.680000
8.330000
7.800000
7.730000
6.050000
5.300000
4.000000
4.930000
5.480000
4.180000
3.100000
2.680000
1.530000
1.050000
0.780000
 1.480000
-0.050000
-2.380000
0.000000
3.430000
2.030000
-0.700000
-1.100000
-0.230000
3.980000
6.630000
9.250000
11.300000
12.300000
6.850000
5.530000
8.850000
8.050000
4.900000
5.730000
-0.100000
1.250000
2.380000
 0.080000
4.450000
8.780000
10.600000
7.250000
2.650000
1.850000
0.980000
-0.200000
-0.980000
0.050000
0.080000
-3.330000
-3.200000
-3.980000
 -4.880000
-8.000000
-6.430000
-6.000000
-8.430000
 -9.500000
-8.700000
-9.480000
-10.400000
 -3.780000
 -0.480000
2.500000
5.080000
-6.080000
-7.500000
 -2.150000
-3.800000
-10.900000
-10.600000
-11.100000
-12.000000
-8.080000
-10.800000
-4.550000
-2.000000
0.030000
3.980000
6.630000
-1.200000
-9.830000
-10.700000
-9.850000
-9.400000
-8.380000

"Actual precipitation" {"R1"} :
0.000000 
3.000000 
1.500000 
1.200000 
16.500000
4.400000 
6.000000 
0.500000 
0.000000 
2.100000 
0.500000 
1.000000 
0.000000 
0.500000 
0.000000 
0.000000 
0.000000 
0.000000 
0.000000 
0.600000 
0.000000 
1.200000 
0.000000 
3.000000 
1.300000 
0.000000 
0.600000 
0.000000 
0.000000 
0.500000 
4.700000 
5.000000 
3.000000 
15.300000
6.900000 
14.500000
0.500000 
0.000000 
0.000000 
1.000000 
0.000000 
0.000000 
0.000000 
1.500000 
0.000000 
0.000000 
0.000000 
0.000000 
0.000000 
1.000000 
1.500000 
1.800000 
11.400000
5.600000 
0.000000 
2.200000 
2.100000 
0.000000 
0.000000 
3.100000 
0.000000 
8.600000 
29.300000
0.600000 
0.000000 
0.000000 
0.000000 
3.100000 
20.800000
14.300000
12.300000
15.600000
9.200000 
25.300000
0.700000 
18.600000
12.800000
2.400000 
5.200000 
31.900000
39.100000
17.800000
9.000000 
6.900000 
0.600000 
0.400000 
0.000000 
0.000000 
0.000000 
0.000000 
0.000000 
0.000000 
0.000000 
10.400000
1.100000 
5.000000 
17.200000
5.100000 
0.300000 
4.500000 
1.900000 
0.200000 
2.500000 
1.300000 
11.900000
2.300000 
3.300000 
0.700000 
1.300000 
10.800000
11.200000
0.700000 
0.000000 
0.000000 
0.900000 
0.000000 
0.700000 
2.500000 
0.000000 
0.000000 
0.000000 
0.000000 
1.200000 
6.800000 
10.900000
1.100000 
0.800000 
4.900000 
0.000000 
0.000000 
0.000000 
0.000000 
0.000000 
0.000000 
6.900000 
4.000000 
10.900000
13.700000
0.000000 
0.000000 
0.000000 
0.000000 
0.000000 
0.000000 
0.000000 
0.800000 
0.000000 
0.000000 
0.000000 
0.000000 
3.000000 
3.000000 
31.300000
12.300000
4.300000 
0.000000 
2.700000 
3.200000 
21.200000
9.000000 
18.900000
11.800000
0.000000 
0.000000 
0.600000 
0.000000 
2.800000 
0.300000 
4.200000 
0.000000 
0.000000 
2.200000 
0.300000 
0.000000 
0.000000 
0.000000 
0.000000 
0.000000 
2.400000 
0.200000 
4.900000 
0.000000 
0.000000 
0.000000 
0.000000 
0.000000 
0.000000 
34.600000
3.600000 
0.000000 
0.000000 
15.900000
1.900000 
0.800000 
0.000000 
16.300000
4.200000 
1.900000 
4.300000 
0.300000 
9.600000 
0.000000 
0.000000 
0.000000 
0.000000 
0.000000 
0.000000 
0.000000 
0.000000 
41.800000
0.000000 
0.000000 
0.000000 
0.000000 
11.500000
5.600000 
0.900000 
0.800000 
2.100000 
2.100000 
10.100000
6.000000 
0.000000 
0.000000 
0.000000 
0.000000 
0.000000 
8.800000 
10.700000
0.000000 
0.000000 
25.800000
2.700000 
0.000000 
0.000000 
0.000000 
0.000000 
0.000000 
10.700000
0.000000 
0.000000 
2.100000 
34.600000
7.100000 
0.000000 
0.000000 
17.300000
3.800000 
6.900000 
18.200000
17.500000
16.200000
37.900000
7.000000 
19.500000
13.400000
0.200000 
5.700000 
8.500000 
1.900000 
0.000000 
1.800000 
0.000000 
9.600000 
0.000000 
2.200000 
1.100000 
1.800000 
1.200000 
0.000000 
0.000000 
0.000000 
2.500000 
7.400000 
0.000000 
5.900000 
4.700000 
0.100000 
0.000000 
0.000000 
2.900000 
0.000000 
0.000000 
0.000000 
0.000000 
0.000000 
0.000000 
0.000000 
0.000000 
0.000000 
0.000000 
0.000000 
0.000000 
4.300000 
4.700000 
2.600000 
4.700000 
2.700000 
0.100000 
2.000000 
2.000000 
1.000000 
0.000000 
5.300000 
0.100000 
1.600000 
0.000000 
0.000000 
0.000000 
13.700000
51.800000
25.600000
8.500000 
0.000000 
0.000000 
3.700000 
3.100000 
0.000000 
0.000000 
0.000000 
0.000000 
0.000000 
3.400000 
0.000000 
0.000000 
27.400000
3.600000 
1.600000 
0.000000 
8.900000 
3.000000 
4.300000 
10.900000
0.000000 
0.000000 
0.000000 
0.000000 
10.400000
7.200000 
13.300000
0.000000 
0.000000 
0.000000 
1.500000 
4.700000 
8.800000 
1.800000 
0.000000 
0.000000 
2.900000 
0.000000 
0.000000 
2.300000 
0.200000 
12.700000
9.600000 
0.400000 
4.600000 
13.400000
2.300000 
8.400000 
12.000000
13.200000
7.700000 
0.500000 
1.200000 
0.000000 
0.000000 
0.000000 
0.000000 
2.000000 
0.000000 
0.000000 
0.000000 
0.000000 
0.700000 
4.600000 
0.000000 
0.000000 
0.000000 
0.000000 
0.000000 
0.000000 
6.800000 
10.200000
1.200000 
0.000000 
0.000000 
8.300000 
11.100000
11.100000
31.200000
2.500000 
0.000000 
0.000000 
0.000000 
0.000000 
0.000000 
0.000000 
0.000000 
0.000000 
8.100000 
4.300000 
4.900000 
31.400000
8.000000 
9.700000 
20.500000
13.400000
0.000000 
0.000000 
0.000000 
0.000000 
1.400000 
19.900000
28.400000
3.600000 
10.000000
13.600000
13.100000
12.800000
16.400000
5.700000 
5.100000 
1.300000 
2.000000 
0.000000 
0.000000 
0.000000 
1.300000 
6.400000 
0.000000 
0.000000 
0.000000 
0.000000 
0.000000 
0.000000 
0.000000 
0.000000 
0.000000 
0.000000 
11.700000
26.900000
53.800000
9.000000 
12.800000
15.100000
8.200000 
0.600000 
0.000000 
0.000000 
0.000000 
0.000000 
0.000000 
0.000000 
0.300000 
0.000000 
0.000000 
0.000000 
0.000000 
0.000000 
0.000000 
0.000000 
0.000000 
0.000000 
0.000000 
0.000000 
0.000000 
0.000000 
0.000000 
0.000000 
0.000000 
0.000000 
18.700000
18.400000
0.000000 
5.400000 
0.000000 
0.000000 
0.000000 
16.400000
0.700000 
0.000000 
1.400000 
0.000000 
0.000000 
0.000000 
0.000000 
0.000000 
6.900000 
0.200000 
0.000000 
0.000000 
0.000000 
5.500000 
2.400000 
0.200000 
0.000000 
0.100000 
0.000000 
0.000000 
0.000000 
2.600000 
1.300000 
3.100000 
0.000000 
0.000000 
3.200000 
0.000000 
18.300000
0.400000 
11.200000
0.300000 
0.000000 
0.000000 
0.000000 
0.000000 
0.000000 
0.000000 
0.000000 
1.000000 
16.600000
50.900000
0.000000 
0.500000 
7.600000 
0.000000 
0.000000 
0.000000 
0.000000 
13.300000
0.000000 
0.000000 
0.000000 
0.000000 
0.000000 
2.900000 
0.000000 
17.500000
7.300000 
0.000000 
0.000000 
0.000000 
0.200000 
0.100000 
0.000000 
0.100000 
8.900000 
17.400000
1.300000 
0.000000 
14.100000
0.000000 
0.000000 
1.500000 
0.100000 
0.200000 
9.400000 
15.500000
0.000000 
0.000000 
7.300000 
0.700000 
3.400000 
0.000000 
0.000000 
2.100000 
0.000000 
0.000000 
5.300000 
0.200000 
0.000000 
0.100000 
0.000000 
0.000000 
0.000000 
25.800000
1.800000 
0.000000 
0.000000 
24.000000
0.000000 
58.800000
86.600000
5.000000 
0.200000 
0.000000 
57.700000
111.00000
0.000000 
0.500000 
0.000000 
2.700000 
0.000000 
0.000000 
1.200000 
0.000000 
5.900000 
1.700000 
0.000000 
7.300000 
0.500000 
0.000000 
21.600000
1.400000 
2.500000 
0.000000 
17.400000
9.800000 
0.000000 
0.000000 
2.700000 
3.500000 
0.000000 
0.000000 
0.000000 
0.000000 
2.600000 
0.000000 
0.000000 
0.000000 
7.700000 
0.400000 
0.000000 
0.000000 
0.000000 
0.900000 
13.900000
0.000000 
1.300000 
23.800000
8.500000 
4.800000 
11.300000
5.100000 
0.000000 
0.000000 
0.000000 
0.000000 
0.000000 
1.900000 
16.200000
13.100000
16.400000
1.400000 
0.000000 
0.000000 
0.000000 
0.000000 
9.700000 
2.500000 
3.100000 
2.000000 
10.200000
13.500000
11.200000
2.500000 
0.100000 
1.900000 
3.500000 
5.000000 
9.700000 
25.100000
25.700000
28.100000
0.800000 
26.800000
2.500000 
0.800000 
5.800000 
17.300000
4.700000 
10.000000
0.000000 
0.000000 
1.100000 
11.700000
10.700000
13.900000
10.200000
0.000000 
0.000000 
0.000000 
0.000000 
0.000000 
0.000000 
2.800000 
12.600000
0.000000 
0.000000 
18.300000
0.000000 
0.000000 
0.000000 
1.800000 
0.400000 
0.000000 
5.600000 
7.700000 
0.000000 
2.800000 
0.200000 
1.000000 
0.000000 
0.000000 
0.000000 
0.000000 
0.000000 
0.000000 
0.000000 
0.000000 
0.000000 
0.000000 
3.700000 
11.600000
2.900000 
0.000000 
0.000000 
0.400000 
2.300000 
33.500000
0.200000 
0.000000 
0.000000 
0.000000 
7.000000 
10.700000
44.100000
18.200000
4.500000 
10.700000
72.700000
14.400000
9.700000 
0.400000 
0.600000 
1.100000 
0.000000 
0.300000 
0.300000 
0.100000 
0.000000 
13.500000
1.700000 
0.000000 
0.000000 
0.000000 
0.000000 
0.000000 
0.000000 
0.600000 
2.800000 
0.600000 
3.000000 
0.000000 
1.800000 
3.700000 
6.300000 
7.100000 
3.900000 
3.500000 
1.400000 
9.100000 
14.400000
0.300000 
10.000000
3.700000 
18.600000
4.600000 
0.000000 
0.000000 
0.000000 
0.000000 
0.000000 
0.000000 
12.000000
3.100000 
0.000000 
0.000000 
0.000000 
0.000000 
0.000000 
0.000000 
0.000000 
0.000000 
0.000000 
0.000000 
0.000000 
0.000000 
0.000000 
4.600000 
8.600000 
0.000000 
0.000000 
2.200000 
1.900000 
0.000000 
0.200000 
0.000000 
0.000000 
5.200000 
1.300000 
1.900000 
0.400000 
0.000000 
0.000000 
0.000000 
0.000000 
0.000000 
0.000000 
0.000000 
0.000000 
0.000000 
0.000000 
0.000000 
0.000000 
0.000000 
0.000000 
0.000000 
0.000000 
4.300000 
2.500000 
0.000000 
0.000000 
0.800000 
1.200000 
2.500000 
0.000000 
0.000000 
2.800000 
0.000000 
0.000000 
0.000000 
0.000000 
0.000000 
0.000000 
0.000000 
0.000000 
0.400000 
0.000000 
0.000000 
0.000000 
0.000000 
0.000000 
0.000000 
3.100000 
1.400000 
0.000000 
0.200000 
5.800000 
0.000000 
2.200000 
0.700000 
0.000000 
0.000000 
0.000000 
4.100000 
0.000000 
25.100000
2.900000 
12.400000
0.000000 
0.000000 
1.200000 
9.300000 
9.900000 
2.500000 
5.400000 
22.900000
2.100000 
0.400000 
0.300000 
0.000000 
1.100000 
0.000000 
1.000000 
0.000000 
0.000000 
0.000000 
0.000000 
0.400000 
0.000000 
0.000000 
2.000000 
0.000000 
19.900000
2.800000 
20.600000
0.000000 
0.000000 
0.000000 
0.000000 
4.600000 
25.200000
11.100000
0.000000 
0.000000 
0.000000 
23.000000
1.500000 
10.400000
0.000000 
0.000000 
10.200000
0.000000 
0.000000 
0.000000 
0.000000 
1.200000 
0.000000 
0.200000 
7.700000 
0.600000 
6.400000 
2.900000 
0.000000 
0.000000 
0.000000 
0.000000 
13.500000
0.000000 
0.000000 
0.000000 
0.000000 
0.000000 
0.000000 
0.000000 
13.100000
0.000000 
0.000000 
0.000000 
0.000000 
14.800000
7.100000 
21.400000
0.000000 
0.000000 
21.000000
2.600000 
19.600000
0.000000 
8.900000 
0.000000 
0.000000 
0.000000 
0.000000 
0.000000 
0.000000 
0.000000 
0.000000 
0.000000 
0.000000 
0.000000 
0.000000 
0.000000 
17.900000
0.000000 
0.000000 
0.000000 
6.800000 
0.000000 
0.000000 
0.000000 
0.000000 
0.000000 
0.000000 
0.000000 
0.000000 
0.000000 
0.000000 
7.300000 
5.900000 
1.000000 
0.100000 
1.000000 
0.000000 
0.000000 
0.000000 
0.000000 
0.500000 
0.000000 
0.000000 
8.600000 
17.200000
4.300000 
6.200000 
0.000000 
0.000000 
0.000000 
0.000000 
0.000000 
0.000000 
0.000000 
0.000000 
0.000000 
3.200000 
0.000000 
0.000000 
0.000000 
0.000000 
0.200000 
0.000000 
0.000000 
0.000000 
0.400000 
2.100000 
10.500000
25.400000
9.200000 
28.700000
10.900000
11.100000
1.400000 
2.400000 
0.000000 
0.000000 
0.000000 
0.000000 
0.000000 
0.000000 
0.000000 
0.000000 
0.700000 
6.800000 
0.800000 
0.000000 
0.000000 
4.500000 
0.000000 
5.600000 
0.000000 
0.000000 
0.000000 
0.000000 
0.100000 
0.000000 
0.000000 
0.000000 
0.000000 
0.000000 
0.000000 
0.000000 
0.000000 
0.000000 
0.000000 
0.000000 
0.000000 
0.000000 
2.100000 
5.300000 
1.400000 
0.400000 
0.000000 
0.000000 
0.000000 
0.000000 
0.000000 
0.000000 
0.000000 
0.000000 
0.000000 
0.900000 
1.900000 
0.000000 
0.000000 
0.000000 
0.000000 
0.000000 
0.000000 
1.700000 
0.000000 
0.000000 
0.000000 
0.000000 
2.200000 
0.000000 
38.900000
23.000000
20.900000
4.500000 
0.000000 
0.000000 
2.500000 
9.400000 
8.100000 
1.300000 
0.400000 
0.000000 
0.000000 
0.200000 
0.000000 
0.700000 
1.600000 
1.300000 
10.100000
0.000000 
0.300000 
2.500000 
5.300000 
4.600000 
9.100000 
0.000000 
4.600000 
10.600000
2.600000 
26.400000
26.800000
46.500000
13.200000
8.200000 
15.300000
1.100000 
0.600000 
18.400000
1.900000 
2.200000 
0.000000 
0.000000 
2.000000 
2.200000 
0.000000 
3.500000 
3.800000 
9.500000 
0.000000 
0.500000 
0.400000 
19.100000
0.200000 
0.000000 
0.000000 
0.000000 
0.000000 
12.500000
10.400000
6.000000 
4.200000 
0.000000 
2.200000 
0.000000 
0.000000 
0.000000 
0.000000 
4.000000 
0.600000 
0.000000 
0.000000 
4.500000 
10.800000
1.100000 
0.000000 
0.800000 
3.300000 
0.000000 
4.000000 
2.000000 
1.100000 
1.200000 
0.500000 
0.000000 
0.600000 
0.000000 
0.000000 
3.600000 
0.000000 
0.000000 
0.000000 
0.000000 
0.000000 
0.000000 
0.000000 
0.000000 
0.000000 
4.900000 
1.600000 
2.100000 
0.000000 
11.300000
22.100000
1.900000 
0.900000 
0.000000 
0.000000 
0.000000 
0.000000 
0.000000 
0.000000 
0.000000 
0.000000 
4.800000 
23.300000
14.400000
15.200000
6.900000 
0.000000 
2.400000 
0.000000 
0.000000 
0.000000 
0.000000 
0.000000 
0.000000 
3.300000 
0.000000 
3.000000 
0.000000 
0.000000 
0.000000 
4.800000 
0.400000 
0.500000 
0.000000 
0.000000 
0.000000 
0.000000 
0.000000 
0.200000 
0.000000 
0.000000 
0.000000 
4.900000 
20.900000
7.600000 
2.000000 
2.600000 
1.700000 
0.300000 
7.900000 
0.000000 
0.000000 
18.300000
0.200000 
0.000000 
0.000000 
0.000000 
8.100000 
18.700000
2.000000 
2.900000 
0.000000 
0.000000 
0.000000 
0.000000 
0.000000 
0.000000 
0.000000 
5.300000 
14.000000
24.800000
12.300000
11.800000
7.300000 
0.000000 
0.000000 
0.000000 
0.000000 
2.900000 
4.300000 
0.300000 
0.400000 
0.000000 
6.900000 
0.000000 
4.200000 
1.800000 
4.300000 
9.400000 
0.000000 
7.000000 
1.100000 
0.000000 
0.000000 
0.000000 
0.100000 
0.000000 
0.000000 
0.000000 
3.100000 
4.800000 
6.500000 
0.000000 
2.500000 
1.200000 
2.400000 
14.900000
0.000000 
0.000000 
9.200000 
13.200000
2.000000 
6.500000 
1.300000 
0.000000 
0.100000 
3.500000 
0.000000 
19.300000
0.000000 
0.000000 
0.000000 
9.400000 
0.000000 
5.300000 
0.000000 
0.000000 
0.000000 
0.000000 
0.000000 
15.500000
0.000000 
0.000000 
0.000000 
0.000000 
0.000000 
0.000000 
0.000000 
0.000000 
0.000000 
0.000000 
45.300000
1.100000 
10.800000
0.000000 
0.000000 
0.200000 
0.000000 
9.800000 
4.700000 
4.300000 
0.200000 
0.000000 
1.100000 
1.300000 
8.400000 
0.000000 
0.000000 
0.000000 
13.600000
0.000000 
0.000000 
0.000000 
0.000000 
0.000000 
0.000000 
0.000000 
0.000000 
0.000000 
0.000000 
0.000000 
7.300000 
14.800000
0.000000 
8.400000 
0.400000 
0.000000 
0.000000 
0.000000 
1.000000 
1.200000 
2.900000 
58.000000
54.000000
12.700000
20.000000
5.100000 
0.700000 
1.500000 
11.800000
0.000000 
2.000000 
11.500000
0.000000 
0.000000 
1.300000 
0.000000 
5.900000 
15.600000
2.800000 
0.000000 
0.000000 
0.000000 
0.000000 
0.000000 
12.500000
2.500000 
18.800000
7.200000 
0.000000 
0.900000 
0.300000 
0.000000 
0.000000 
0.000000 
0.000000 
0.000000 
4.300000 
0.000000 
1.000000 
0.000000 
13.300000
0.000000 
0.000000 
0.000000 
0.000000 
0.000000 
1.400000 
8.900000 
5.400000 
7.500000 
0.500000 
0.900000 
1.000000 
5.400000 
0.000000 
0.000000 
1.700000 
19.300000
34.900000
14.400000
12.000000
4.800000 
38.900000
7.200000 
0.000000 
0.000000 
0.000000 
2.900000 
1.600000 
0.000000 
0.000000 
0.000000 
0.000000 
0.000000 
0.000000 
0.000000 
0.000000 
0.000000 
0.000000 
0.000000 
0.000000 
0.000000 
0.000000 
0.000000 
0.000000 
0.000000 
3.400000 
18.600000
9.400000 
1.900000 
0.000000 
0.000000 
3.000000 
12.000000
7.300000 
0.000000 
8.200000 
1.600000 
1.400000 
0.000000 
0.700000 
2.300000 
6.200000 
3.600000 
9.500000 
0.000000 
11.900000
9.500000 
0.000000 
0.000000 
0.000000 
0.000000 
0.000000 
5.400000 
3.100000 
0.000000 
0.000000 
0.000000 
0.000000 
5.300000 
7.200000 
45.100000
4.900000 
4.300000 
12.300000
8.800000 
3.100000 
1.100000 
0.000000 
0.100000 
0.000000 
0.600000 
12.400000
3.200000 
12.700000
6.100000 
0.000000 
0.000000 
0.000000 
0.000000 
0.000000 
0.000000 
17.100000
16.600000
46.000000
21.100000
8.400000 
15.000000
7.400000 
1.600000 
0.400000 
1.600000 
0.600000 
3.200000 
3.200000 
0.000000 
0.000000 
0.000000 
5.200000 
1.700000 
0.200000 
0.000000 
0.000000 
0.000000 
0.000000 
0.000000 
4.100000 
0.300000 
2.600000 
3.400000 
0.500000 
12.200000
8.100000 
2.400000 
0.000000 
0.000000 
0.000000 
0.100000 
0.000000 
3.500000 
0.000000 
0.000000 
0.000000 
0.000000 
0.000000 
0.100000 
0.000000 
0.000000 
1.400000 
3.500000 
0.000000 
0.000000 
0.000000 
0.000000 
0.000000 
0.000000 
2.800000 
0.000000 
0.300000 
2.200000 
4.200000 
0.000000 
0.000000 
0.000000 
0.000000 
0.000000 
0.000000 
0.000000 
2.900000 
4.000000 
6.300000 
7.300000 
0.000000 
0.000000 
0.000000 
2.700000 
7.600000 
3.000000 
8.100000 
0.000000 
0.000000 
0.000000 
0.000000 
0.000000 
15.100000
3.200000 
8.700000 
11.900000
22.900000
1.200000 
3.100000 
0.000000 
0.000000 
0.000000 
0.000000 
3.200000 
8.000000 
15.600000
3.100000 
18.800000
0.000000 
0.000000 
0.800000 
6.000000 
2.000000 
0.000000 
0.000000 
0.000000 
0.000000 
0.000000 
0.000000 
5.900000 
0.000000 
0.000000 
0.000000 
0.000000 
6.200000 
0.000000 
2.700000 
1.600000 
3.100000 
0.000000 
1.000000 
20.200000
0.000000 
0.000000 
20.200000
11.500000
0.000000 
0.000000 
0.000000 
0.000000 
0.000000 
0.000000 
0.000000 
0.000000 
0.000000 
13.400000
0.000000 
0.000000 
0.000000 
21.500000
13.000000
28.500000
0.000000 
0.000000 
9.700000 
24.300000
4.100000 
25.300000
1.000000 
10.200000
49.900000
4.100000 
0.000000 
0.000000 
1.200000 
1.000000 
2.200000 
0.000000 
2.300000 
2.700000 
0.700000 
0.000000 
9.100000 
0.800000 
0.000000 
6.700000 
0.000000 
0.000000 
0.000000 
3.800000 
20.900000
0.100000 
0.000000 
7.000000 
1.800000 
0.000000 
6.700000 
0.000000 
1.800000 
1.500000 
0.000000 
0.000000 
0.000000 
1.200000 
0.000000 
4.300000 
37.900000
8.000000 
0.000000 
0.000000 
0.000000 
9.500000 
30.400000
15.400000
7.500000 
0.000000 
0.000000 
0.000000 
0.000000 
0.000000 
0.000000 
0.000000 
0.000000 
0.000000 
0.000000 
0.000000 
0.000000 
0.000000 
0.000000 
0.000000 
0.000000 
10.500000
3.800000 
0.000000 
17.900000
0.600000 
7.000000 
12.600000
37.800000
5.000000 
0.000000 
0.000000 
0.000000 
0.000000 
0.000000 
0.000000 
0.000000 
0.000000 
3.000000 
0.000000 
6.500000 
6.000000 
0.300000 
12.100000
22.500000
0.200000 
3.000000 
0.000000 
0.000000 
0.000000 
0.000000 
0.000000 
0.000000 
0.000000 
0.000000 
0.000000 
0.000000 
0.000000 
0.000000 
0.000000 
0.000000 
0.000000 
0.000000 
1.000000 
3.000000 
10.100000
0.000000 
0.000000 
0.000000 
0.000000 
0.000000 
0.000000 
0.000000 
0.000000 
1.700000 
0.000000 
1.900000 
0.000000 
1.900000 
0.000000 
0.000000 
0.000000 
0.000000 
0.000000 
0.000000 
0.000000 
0.000000 
0.000000 
0.500000 
4.500000 
8.400000 
4.000000 
3.100000 
14.200000
5.100000 
2.500000 
0.000000 
0.000000 
2.100000 
0.800000 
0.000000 
17.700000
0.000000 
0.000000 
0.000000 
0.000000 
4.200000 
8.400000 
0.400000 
0.000000 
2.100000 
0.000000 
1.700000 
0.000000 
0.000000 
0.000000 
0.000000 
2.500000 
19.300000
15.700000
3.100000 
3.900000 
8.000000 
2.200000 
0.000000 
4.600000 
3.000000 
0.000000 
3.500000 
0.000000 
1.200000 
8.100000 
2.500000 
3.000000 
4.900000 
2.000000 
19.600000
4.700000 
0.000000 
0.400000 
0.000000 
0.000000 
0.000000 
0.000000 
0.000000 
0.000000 
0.000000 
0.000000 
0.000000 
0.000000 
0.000000 
21.200000
8.700000 
0.000000 
8.000000 
11.200000
0.100000 
0.000000 
0.000000 
0.000000 
0.000000 
0.000000 
0.000000 
0.000000 
0.000000 
0.000000 
0.000000 
0.000000 
0.000000 
1.100000 
0.000000 
4.700000 
11.900000
16.800000
18.500000
10.600000
1.400000 
0.000000 
0.000000 
0.000000 
12.600000
11.100000
0.800000 
1.600000 
0.000000 
0.000000 
0.000000 
0.000000 
0.700000 
0.000000 
1.900000 
2.700000 
0.400000 
9.000000 
3.800000 
2.700000 
24.000000
12.600000
3.300000 
5.500000 
2.700000 
13.500000
17.500000
1.800000 
11.300000
2.500000 
0.300000 
0.000000 
0.000000 
0.000000 
1.900000 
0.000000 
0.000000 
0.000000 
1.100000 
0.000000 
0.000000 
1.300000 
10.200000
12.100000
8.900000 
22.300000
2.100000 
13.400000
8.900000 
4.600000 
4.500000 
1.500000 
2.000000 
6.900000 
0.000000 
0.000000 
1.000000 
3.000000 
20.800000
3.500000 
1.900000 
23.800000
23.900000
1.100000 
9.000000 
2.200000 
0.000000 
0.000000 
0.000000 
0.000000 
1.100000 
3.400000 
0.000000 
0.000000 
8.800000 
16.700000
15.700000
3.600000 
0.000000 
0.000000 
0.000000 
0.000000 
0.000000 
0.000000 
0.000000 
0.000000 
0.000000 
1.200000 
0.000000 
0.000000 
0.000000 
3.700000 
0.400000 
0.000000 
19.400000
1.600000 
10.000000
1.100000 
14.200000
0.000000 
2.600000 
2.600000 
0.000000 
15.800000
63.300000
62.800000
9.900000 
7.100000 
12.300000
8.800000 
2.600000 
0.000000 
6.000000 
1.100000 
0.300000 
0.000000 
0.000000 
0.000000 
0.000000 
0.000000 
0.000000 
0.000000 
0.000000 
0.000000 
0.000000 
35.600000
0.000000 
0.000000 
12.400000
0.000000 
11.400000
0.000000 
0.000000 
0.000000 
0.300000 
1.000000 
4.900000 
2.300000 
48.200000
5.300000 
0.000000 
0.000000 
0.000000 
0.000000 
0.000000 
5.100000 
0.500000 
0.000000 
25.300000
0.000000 
0.000000 
3.900000 
0.000000 
2.600000 
0.000000 
0.000000 
0.000000 
0.000000 
0.000000 
0.000000 
0.000000 
0.000000 
0.000000 
0.000000 
0.000000 
15.100000
0.000000 
20.100000
9.500000 
0.700000 
10.600000
1.700000 
2.800000 
14.500000
12.700000
38.200000
42.500000
0.100000 
0.100000 
0.000000 
3.400000 
2.800000 
1.200000 
2.300000 
9.400000 
8.000000 
0.000000 
0.000000 
0.000000 
1.600000 
2.500000 
8.500000 
0.700000 
0.000000 
1.100000 
1.800000 
0.200000 
3.800000 
28.600000
21.800000
5.600000 
0.000000 
0.000000 
0.000000 
5.600000 
0.000000 
0.000000 
0.000000 
1.100000 
0.000000 
0.000000 
0.000000 
0.000000 
0.000000 
0.000000 
0.000000 
0.000000 
0.000000 
0.000000 
7.600000 
12.300000
0.000000 
0.000000 
0.000000 
0.000000 
0.000000 
0.000000 
0.000000 
2.600000 
0.100000 
0.000000 
0.500000 
0.000000 
0.000000 
15.500000
0.100000 
0.900000 
0.000000 
1.900000 
0.000000 
0.000000 
0.000000 
0.000000 
0.000000 
0.000000 
0.000000 
0.000000 
0.000000 
0.000000 
0.000000 
0.000000 
0.000000 
0.100000 
0.000000 
4.100000 
0.100000 
0.000000 
0.000000 
1.400000 
4.800000 
2.500000 
0.000000 
1.600000 
5.500000 
3.000000 
0.600000 
4.100000 
3.900000 
0.000000 
0.000000 
0.000000 
12.700000
0.000000 
21.200000
6.000000 
23.600000
6.100000 
0.000000 
0.000000 
0.000000 
0.500000 
3.100000 
0.200000 
4.400000 
3.500000 
0.000000 
0.000000 
0.000000 
0.000000 
0.000000 
0.000000 
0.000000 
0.200000 
0.000000 
0.000000 
4.400000 
20.400000
2.200000 
6.900000 
0.000000 
0.000000 
7.300000 
0.000000 
0.000000 
1.200000 
0.000000 
0.000000 
0.000000 
3.800000 
0.400000 
0.000000 
0.100000 
1.600000 
0.000000 
0.000000 
0.000000 
0.000000 
0.000000 
0.000000 
0.000000 
2.600000 
0.000000 
1.900000 
11.500000
4.600000 
3.900000 
1.800000 
13.800000
17.600000
16.500000
1.700000 
14.200000
7.500000 
3.100000 
14.300000
3.700000 
2.200000 
2.800000 
0.000000 
0.600000 
7.500000 
30.000000
16.000000
7.400000 
0.000000 
0.000000 
6.500000 
16.500000
0.500000 
3.800000 
4.100000 
9.500000 
2.700000 
0.200000 
0.200000 
0.000000 
0.000000 
0.600000 
0.000000 
6.300000 
6.300000 
16.500000
9.200000 
0.000000 
2.500000 
9.600000 
13.500000
14.200000
5.600000 
1.700000 
0.000000 
0.000000 
0.000000 
0.000000 
0.000000 
0.000000 
0.000000 
0.000000 
0.000000 
2.600000 
9.900000 
26.600000
30.000000
48.900000
11.700000
33.300000
0.000000 
0.700000 
0.000000 
11.700000
0.300000 
2.200000 
0.100000 
0.000000 
0.000000 
0.000000 
0.000000 
0.000000 
0.000000 
0.000000 
14.100000
8.100000 
7.400000 
3.500000 
7.000000 
10.800000
2.200000 
0.000000 
0.000000 
0.000000 
0.000000 
0.000000 
0.000000 
0.000000 
0.000000 
0.000000 
0.000000 
0.000000 
0.000000 
0.000000 
0.000000 
0.000000 
0.000000 
0.000000 
0.000000 
0.000000 
0.000000 
0.000000 
0.000000 
0.000000 
0.000000 
0.000000 
0.000000 
0.000000 
0.000000 
0.000000 
0.000000 
0.000000 
0.000000 
0.000000 
0.000000 
0.000000 
0.000000 
0.000000 
0.000000 
0.000000 
0.000000 
0.000000 
6.300000 
2.700000 
18.600000
29.600000
32.400000
0.000000 
0.300000 
0.000000 
0.000000 
0.600000 
7.100000 
13.900000
14.700000
0.000000 
0.000000 
0.000000 
0.000000 
15.000000
0.000000 
0.000000 
0.400000 
0.000000 
17.700000
6.800000 
7.600000 
0.000000 
0.000000 
0.200000 
3.200000 
0.200000 
0.000000 
0.000000 
0.000000 
0.000000 
0.000000 
5.700000 
0.400000 
1.000000 
1.000000 
0.000000 
0.000000 
46.700000
0.000000 
2.500000 
0.000000 
0.000000 
0.000000 
2.200000 
6.400000 
3.900000 
0.000000 
11.400000
22.900000
0.400000 
1.600000 
0.000000 
0.900000 
6.000000 
6.800000 
5.300000 
16.800000
55.300000
6.300000 
0.600000 
0.000000 
16.200000
12.500000
3.200000 
12.100000
4.100000 
0.000000 
0.000000 
0.000000 
0.900000 
1.700000 
1.300000 
0.200000 
20.800000
1.300000 
2.000000 
3.000000 
0.000000 
0.000000 
0.000000 
1.900000 
11.400000
0.000000 
0.000000 
0.000000 
5.100000 
2.300000 
0.000000 
0.000000 
0.000000 
1.300000 
0.200000 
2.700000 
21.000000
5.900000 
0.200000 
1.500000 
0.200000 
0.000000 
15.800000
0.000000 
0.000000 
0.900000 
6.700000 
0.200000 
0.000000 
11.600000
0.000000 
0.000000 
0.000000 
0.000000 
0.000000 
0.000000 
0.000000 
11.100000
3.100000 
0.000000 
7.400000 
18.800000
21.600000
47.900000
11.200000
8.100000 
0.200000 
33.200000
10.200000
0.000000 
0.000000 
2.000000 
0.100000 
0.000000 
3.100000 
11.200000
0.000000 
0.000000 
0.000000 
0.000000 
0.000000 
0.000000 
3.700000 
9.700000 
1.500000 
36.900000
0.600000 
0.000000 
0.000000 
1.000000 
0.300000 
0.400000 
0.000000 
0.000000 
0.000000 
0.000000 
0.000000 
0.000000 
0.000000 
0.200000 
0.000000 
0.000000 
0.000000 
0.000000 
4.000000 
1.300000 
6.200000 
1.300000 
0.400000 
0.000000 
6.200000 
1.300000 
1.400000 
0.000000 
1.300000 
0.000000 
0.000000 
1.000000 
0.000000 
0.300000 
0.100000 
7.800000 
0.000000 
4.300000 
3.800000 
25.900000
24.300000
24.900000
26.400000
24.100000
26.700000
16.000000
10.000000
2.300000 
0.000000 
2.900000 
0.000000 
0.000000 
0.000000 
0.000000 
0.000000 
0.000000 
0.400000 
22.000000
10.000000
0.000000 
0.000000 
7.800000 
1.400000 
7.000000 
36.600000
18.000000
0.000000 
2.300000 
6.200000 
14.300000
0.000000 
10.000000
0.400000 
14.100000
9.000000 
0.200000 
3.200000 
0.000000 
0.000000 
0.000000 
0.000000 
0.000000 
0.000000 
0.000000 
0.000000 
0.000000 
0.000000 
0.000000 
0.000000 
0.000000 
0.000000 
2.300000 
9.100000 
3.300000 
0.000000 
0.000000 
0.000000 
0.000000 
12.100000
0.700000 
7.300000 
0.000000 
3.400000 
0.000000 
0.000000 
0.700000 
0.000000 
0.000000 
0.000000 
0.500000 
3.000000 
11.600000
6.400000 
1.500000 
7.200000 
8.300000 
0.000000 
2.700000 
0.000000 
2.900000 
3.600000 
0.000000 
0.000000 
2.000000 
0.000000 
5.900000 
0.700000 
0.000000 
0.300000 
7.300000 
10.600000
0.000000 
0.000000 
0.000000 
0.000000 
0.000000 
0.000000 
0.000000 
0.000000 
1.600000 
0.000000 
0.000000 
0.000000 
0.000000 
4.500000 
7.000000 
1.600000 
0.000000 
0.000000 
0.000000 
4.500000 
0.000000 
8.900000 
72.900000
21.600000
52.300000
22.700000
0.000000 
0.000000 
0.000000 
0.000000 
0.000000 
0.000000 
1.200000 
32.900000
20.600000
11.200000
19.900000
4.500000 
27.400000
7.900000 
5.200000 
8.500000 
20.700000
22.400000
0.500000 
0.000000 
0.900000 
9.100000 
7.200000 
0.000000 
2.100000 
0.000000 
0.000000 
0.000000 
0.100000 
19.500000
4.100000 
0.000000 
0.700000 
2.600000 
4.900000 
0.000000 
0.000000 
1.100000 
3.400000 
0.000000 
0.000000 
0.800000 
5.800000 
0.300000 
1.400000 
1.700000 
1.200000 
0.000000 
19.100000
8.700000 
1.800000 
1.800000 
12.400000
0.000000 
0.000000 
5.800000 
17.100000
1.600000 
0.000000 
0.500000 
0.000000 
0.000000 
2.600000 
7.000000 
0.000000 
0.000000 
0.000000 
0.000000 
0.000000 
0.000000 
0.000000 
15.800000
4.700000 
0.700000 
2.600000 
28.300000
2.800000 
9.900000 
2.500000 
0.000000 
0.000000 
0.000000 
0.000000 
0.000000 
0.000000 
0.000000 
0.000000 
0.000000 
8.500000 
0.000000 
0.000000 
0.100000 
20.600000
2.700000 
0.000000 
0.400000 
6.700000 
0.000000 
1.100000 
3.300000 
8.800000 
3.200000 
0.000000 
1.400000 
1.500000 
0.100000 
0.000000 
0.000000 
0.000000 
0.000000 
6.000000 
2.600000 
5.700000 
2.900000 
0.000000 
0.000000 
0.000000 
0.000000 
0.000000 
0.000000 
0.000000 
14.000000
0.000000 
0.000000 
6.300000 
2.400000 
4.300000 
1.300000 
0.000000 
5.300000 
4.200000 
10.700000
0.100000 
0.000000 
1.400000 
2.800000 
1.400000 
3.800000 
3.900000 
2.100000 
8.500000 
0.000000 
3.900000 
0.000000 
4.200000 
0.000000 
0.000000 
0.000000 
0.000000 
21.800000
0.600000 
0.900000 
2.000000 
0.500000 
0.000000 
0.000000 
4.300000 
1.900000 
2.800000 
0.000000 
4.500000 
3.900000 
0.100000 
4.500000 
38.900000
16.300000
0.300000 
0.000000 
7.000000 
0.000000 
0.000000 
7.100000 
1.700000 
0.000000 
0.000000 
0.000000 
0.000000 
0.000000 
0.000000 
0.000000 
0.000000 
7.500000 
0.000000 
10.000000
1.600000 
0.000000 
0.000000 
2.600000 
0.500000 
0.000000 
0.800000 
0.000000 
0.000000 
0.000000 
5.700000 
26.100000
0.000000 
0.000000 
0.000000 
0.000000 
0.100000 
3.600000 
1.000000 
0.500000 
8.200000 
3.000000 
0.000000 
0.000000 
0.000000 
0.000000 
24.500000
12.600000
1.500000 
4.200000 
1.300000 
4.100000 
9.300000 
0.000000 
0.000000 
0.000000 
0.000000 
0.000000 
0.000000 
0.000000 
1.500000 
1.900000 
11.700000
4.200000 
0.000000 
0.000000 
0.000000 
0.000000 
3.200000 
0.000000 
0.000000 
0.000000 
0.000000 
1.100000 
6.400000 
4.200000 
0.000000 
0.000000 
0.000000 
0.000000 
0.000000 
0.000000 
0.000000 
0.000000 
0.000000 
0.000000 
0.000000 
0.000000 
1.500000 
5.100000 
1.000000 
0.200000 
0.000000 
3.700000 
0.000000 
3.300000 
0.100000 
33.000000
13.600000
4.800000 
6.100000 
2.600000 
2.300000 
1.400000 
0.000000 
0.000000 
0.000000 
0.000000 
4.200000 
0.000000 
1.000000 
0.800000 
1.400000 
3.600000 
1.200000 
0.000000 
0.000000 
0.000000 
0.400000 
0.800000 
0.000000 
0.000000 
0.000000 
0.000000 
4.400000 
0.000000 
5.500000 
8.500000 
2.400000 
1.800000 
0.000000 
4.100000 
1.200000 
0.000000 
0.000000 
0.000000 
0.000000 
0.000000 
0.000000 
0.800000 
0.800000 
0.000000 
2.900000 
1.300000 
0.000000 
1.300000 
0.000000 
0.000000 
0.000000 
0.000000 
0.000000 
0.000000 
0.000000 
0.000000 
0.000000 
0.000000 
4.200000 
1.300000 
5.900000 
1.300000 
0.000000 
8.000000 
0.000000 
0.000000 
0.000000 
0.000000 
0.000000 
0.000000 
0.000000 
0.700000 
0.300000 
0.000000 
0.000000 
0.000000 
0.000000 
0.000000 
0.000000 
0.000000 
6.000000 
23.700000
2.200000 
2.500000 
2.200000 
1.200000 
0.600000 
8.400000 
6.500000 
2.200000 
1.100000 
10.800000
4.200000 
3.300000 
9.300000 
1.600000 
0.000000 
13.900000
4.400000 
0.000000 
0.000000 
1.500000 
1.400000 
0.000000 
4.600000 
0.000000 
4.600000 
4.600000 
9.200000 
18.800000
9.300000 
18.000000
0.000000 
2.900000 
4.800000 
0.400000 
0.000000 
1.500000 
5.500000 
1.200000 
0.000000 
0.600000 
17.900000
16.000000
17.000000
12.100000
8.700000 
0.000000 
11.200000
0.000000 
0.000000 
0.900000 
0.000000 
0.000000 
0.000000 
2.100000 
0.000000 
0.000000 
0.000000 
0.000000 
0.000000 
0.000000 
0.000000 
0.000000 
0.000000 
0.000000 
0.000000 
66.000000
1.500000 
0.000000 
0.000000 
0.000000 
0.000000 
1.200000 
0.000000 
0.000000 
0.000000 
0.000000 
5.200000 
6.600000 
2.300000 
0.600000 
0.000000 
3.500000 
7.200000 
9.800000 
5.500000 
0.000000 
0.900000 
0.000000 
5.000000 
6.800000 
1.600000 
1.500000 
6.100000 
12.100000
0.100000 
1.300000 
2.100000 
0.000000 
0.000000 
0.500000 
3.100000 
0.000000 
0.000000 
0.000000 
34.300000
1.100000 
8.400000 
24.100000
8.000000 
0.000000 
0.000000 
7.100000 
0.000000 
0.000000 
0.000000 
1.900000 
12.600000
0.000000 
0.000000 
0.000000 
13.600000
2.900000 
0.000000 
0.000000 
16.900000
0.000000 
0.000000 
1.600000 
0.500000 
0.000000 
2.200000 
33.600000
23.000000
12.400000
4.300000 
16.500000
20.700000
0.900000 
4.600000 
6.200000 
0.700000 
9.000000 
3.900000 
9.800000 
3.200000 
28.200000
3.500000 
11.000000
7.200000 
4.000000 
0.000000 
0.300000 
0.200000 
13.100000
0.000000 
0.000000 
10.900000
49.100000
10.300000
0.000000 
0.000000 
0.000000 
13.500000
0.800000 
12.700000
0.000000 
11.000000
8.700000 
0.000000 
0.000000 
0.000000 
0.000000 
0.000000 
49.400000
1.100000 
0.000000 
0.000000 
0.000000 
0.000000 
0.000000 
11.500000
0.200000 
1.500000 
1.800000 
0.000000 
0.000000 
0.000000 
3.200000 
0.000000 
0.000000 
0.000000 
0.000000 
8.700000 
0.000000 
0.000000 
14.200000
1.500000 
0.000000 
4.400000 
0.000000 
0.000000 
0.000000 
1.500000 
2.900000 
20.900000
26.600000
0.000000 
0.000000 
0.000000 
0.000000 
0.000000 
2.000000 
1.400000 
0.000000 
0.000000 
21.200000
0.000000 
0.700000 
10.900000
0.000000 
0.000000 
0.000000 
0.000000 
0.000000 
0.000000 
0.300000 
0.000000 
0.000000 
0.000000 
0.000000 
1.600000 
0.700000 
2.700000 
0.000000 
0.000000 
0.000000 
5.600000 
5.100000 
0.000000 
4.800000 
1.600000 
8.600000 
43.300000
12.600000
11.800000
2.000000 
8.100000 
22.900000
8.300000 
10.500000
0.000000 
0.000000 
0.000000 
2.800000 
0.000000 
0.000000 
1.200000 
0.800000 
0.000000 
0.000000 
0.000000 
0.000000 
0.000000 
0.000000 
18.600000
4.900000 
7.300000 
0.000000 
0.000000 
0.000000 
7.600000 
0.000000 
0.000000 
0.000000 
0.000000 
0.000000 
0.000000 
0.000000 
2.300000 
0.000000 
0.000000 
0.000000 
0.000000 
0.000000 
0.000000 
30.800000
36.800000
0.000000 
0.000000 
2.000000 
0.000000 
0.000000 
0.000000 
7.000000 
0.000000 
0.000000 
0.600000 
0.000000 
2.000000 
0.800000 
3.300000 
1.400000 
10.900000
5.400000 
3.600000 
0.500000 
0.000000 
0.100000 
0.500000 
1.700000 
2.000000 
1.100000 
3.400000 
0.500000 
1.200000 
3.100000 
0.600000 
4.200000 
0.000000 
2.600000 
0.300000 
7.900000 
14.700000
6.300000 
6.100000 
4.700000 
4.600000 
3.700000 
0.000000 
0.000000 
0.000000 
2.400000 
3.700000 
8.200000 
4.500000 
0.000000 
0.000000 
0.000000 
0.000000 
3.200000 
13.500000
0.600000 
0.500000 
0.000000 
0.000000 
0.000000 
0.000000 
0.000000 
3.200000 
0.300000 
3.500000 
9.200000 
15.000000
0.600000 
3.200000 
5.500000 
33.400000
2.700000 
0.000000 
0.000000 
0.000000 
0.000000 
0.000000 
0.000000 
11.100000
8.100000 
1.300000 
0.000000 
0.000000 
0.000000 
0.000000 
0.000000 
0.000000 
6.200000 
0.600000 
0.000000 
0.000000 
2.800000 
0.000000 
0.000000 
3.000000 
0.100000 
0.500000 
0.000000 
0.400000 
0.300000 
1.900000 
4.500000 
6.300000 
0.000000 
0.900000 
0.000000 
2.600000 
11.400000
11.600000
5.100000 
4.900000 
13.300000
0.500000 
0.000000 
0.000000 
0.200000 
3.100000 
13.000000
2.800000 
0.000000 
0.000000 
0.000000 
12.400000
4.500000 
8.100000 
1.600000 
4.000000 
2.100000 
0.800000 
0.000000 
0.000000 
0.000000 
0.000000 
0.000000 
0.000000 
0.000000 
0.000000 
0.000000 
7.800000 
2.100000 
4.800000 
3.200000 
0.000000 
0.000000 
0.000000 
0.000000 
0.000000 
1.100000 
0.000000 
0.000000 
0.000000 
0.000000 
0.000000 
1.300000 
0.000000 
0.000000 
0.000000 
9.200000 
7.500000 
10.600000
3.900000 
6.800000 
1.000000 
6.800000 
0.000000 
0.000000 
9.700000 
2.700000 
8.200000 
0.000000 
9.800000 
14.900000
2.600000 
0.000000 
0.900000 
11.800000
4.600000 
2.000000 
5.200000 
1.100000 
0.000000 
3.400000 
11.800000
12.600000
1.500000 
0.500000 
2.100000 
9.600000 
4.200000 
5.100000 
39.200000
7.200000 
0.000000 
0.000000 
0.100000 
0.000000 
0.000000 
0.000000 
0.000000 
0.000000 
0.000000 
46.900000
4.400000 
0.000000 
4.600000 
5.100000 
20.000000
9.800000 
5.100000 
0.000000 
0.000000 
0.000000 
0.000000 
4.400000 
0.000000 
0.000000 
0.000000 
0.000000 
0.000000 
0.000000 
0.000000 
0.000000 
5.700000 
4.300000 
5.400000 
0.000000 
0.000000 
0.000000 
0.000000 
0.000000 
0.000000 
0.000000 
0.400000 
5.000000 
4.500000 
32.100000
0.000000 
0.000000 
0.000000 
0.000000 
32.500000
27.800000
23.100000
0.000000 
0.100000 
0.000000 
2.600000 
2.900000 
1.000000 
0.000000 
1.700000 
13.100000
2.100000 
0.000000 
42.300000
21.200000
28.900000
2.800000 
0.000000 
0.000000 
0.000000 
1.900000 
27.200000
0.000000 
15.700000
4.500000 
28.400000
0.900000 
0.000000 
0.000000 
0.000000 
5.500000 
1.300000 
3.400000 
0.000000 
7.200000 
15.000000
0.900000 
20.200000
19.200000
2.000000 
1.900000 
0.000000 
0.000000 
1.800000 
0.000000 
0.000000 
2.600000 
5.200000 
0.200000 
0.000000 
0.000000 
0.000000 
3.100000 
0.900000 
7.500000 
0.000000 
0.000000 
0.000000 
0.000000 
0.000000 
0.000000 
0.000000 
0.000000 
3.200000 
12.000000
0.400000 
6.000000 
16.200000
0.400000 
0.000000 
1.200000 
1.000000 
0.000000 
0.000000 
0.800000 
0.500000 
0.000000 
0.000000 
0.000000 
0.000000 
0.000000 
0.000000 
0.000000 
0.000000 
1.000000 
3.200000 
1.000000 
0.000000 
10.600000
7.000000 
0.000000 
0.000000 
0.000000 
7.500000 
0.000000 
0.000000 
0.000000 
0.000000 
0.000000 
0.000000 
0.000000 
0.000000 
0.000000 
3.500000 
0.400000 
0.000000 
8.800000 
1.800000 
1.700000 
0.000000 
3.800000 
12.600000
2.700000 
0.000000 
0.000000 
0.700000 
2.800000 
1.700000 
2.100000 
4.100000 
0.000000 
1.200000 
2.100000 
7.600000 
7.700000 
1.700000 
10.800000
0.000000 
6.800000 
7.600000 
0.000000 
10.800000
0.000000 
0.000000 
0.000000 
10.800000
16.800000
4.800000 
5.300000 
6.300000 
5.500000 
11.400000
9.700000 
4.900000 
4.500000 
8.900000 
2.000000 
2.200000 
0.600000 
4.900000 
4.600000 
0.000000 
0.000000 
0.000000 
2.600000 
2.100000 
1.100000 
0.000000 
0.000000 
0.000000 
0.000000 